place(4.179, 1.000, -17.827, "Soldier", 350)
upgrade(4.179, 2.350, -17.827, 50)
place(2.148, 1.000, -15.576, "Soldier", 350)
upgrade(2.148, 2.350, -15.576, 50)
place(1.876, 1.000, -12.521, "Soldier", 350)
upgrade(1.876, 2.350, -12.521, 422)
place(7.196, 1.000, -17.832, "Soldier", 350)
upgrade(7.196, 2.350, -17.832, 92)
place(5.123, 1.000, -14.934, "Soldier", 350)
upgrade(5.123, 2.350, -14.934, 367)
place(4.887, 1.000, -11.940, "Soldier", 350)
upgrade(4.887, 2.350, -11.940, 57)
place(7.230, 1.000, -22.914, "Electroshocker", 425)
place(10.579, 1.000, -25.500, "Electroshocker", 425)
upgrade(4.179, 2.350, -17.827, 1219)
upgrade(7.196, 2.350, -17.832, 659)
upgrade(2.148, 2.350, -15.576, 1286)
upgrade(5.123, 2.350, -14.934, 662)
upgrade(1.876, 2.350, -12.521, 1282)
upgrade(4.887, 2.350, -11.940, 1262)
upgrade(7.230, 2.350, -22.914, 1826)
upgrade(10.579, 2.350, -25.500, 1626)
upgrade(10.579, 2.350, -25.500, 1426)
upgrade(7.230, 2.350, -22.914, 801)
place(10.528, 1.000, -31.949, "Shotgunner", 950)
place(15.414, 1.000, -32.634, "Shotgunner", 950)
upgrade(15.414, 2.350, -32.634, 610)
upgrade(10.528, 2.350, -31.949, 380)
upgrade(15.414, 2.350, -32.634, 1851)
upgrade(10.528, 2.350, -31.949, 1676)
upgrade(10.579, 2.350, -25.500, 2632)
upgrade(7.230, 2.350, -22.914, 3213)
place(12.792, 4.526, -17.196, "Mortar", 1000)
place(13.333, 4.526, -13.621, "Mortar", 1000)
place(18.382, 3.553, -18.976, "Mortar", 1000)
upgrade(18.382, 4.903, -18.976, 1596)
upgrade(12.792, 5.876, -17.196, 1304)
upgrade(13.333, 5.876, -13.621, 804)
upgrade(13.333, 5.876, -13.621, 3596)
upgrade(12.792, 5.876, -17.196, 2546)
upgrade(18.382, 4.903, -18.976, 3694)
upgrade(2.148, 2.350, -15.576, 2614)
upgrade(4.179, 2.350, -17.827, 2839)
upgrade(1.876, 2.350, -12.521, 2464)
upgrade(4.887, 2.350, -11.940, 2614)
upgrade(5.123, 2.350, -14.934, 2967)
upgrade(7.196, 2.350, -17.832, 3837)
upgrade(12.792, 5.876, -17.196, 5577)
upgrade(13.333, 5.876, -13.621, 5167)
upgrade(18.382, 4.903, -18.976, 5352)
upgrade(1.876, 2.350, -12.521, 6526)
upgrade(4.887, 2.350, -11.940, 4997)
